Counts
8.000
11.000
10.000
12.000
2.000
9.000
7.000
7.000
10.000
11.000
8.000
6.000
8.000
4.000
7.000
7.000
8.000
9.000
9.000
8.000
7.000
12.000
6.000
8.000
7.000
4.000
4.000
7.000
7.000
8.000
4.000
6.000
10.000
8.000
10.000
6.000
10.000
10.000
8.000
5.000
5.000
9.000
10.000
10.000
4.000
9.000
6.000
4.000
3.000
11.000
13.000
4.000
4.000
7.000
3.000
8.000
6.000
6.000
12.000
6.000
8.000
8.000
9.000
5.000
4.000
5.000
9.000
7.000
6.000
10.000
13.000
6.000
10.000
12.000
16.000
13.000
8.000
12.000
4.000
14.000
9.000
11.000
4.000
12.000
5.000
9.000
12.000
7.000
5.000
14.000
9.000
10.000
11.000
7.000
10.000
3.000
10.000
4.000
5.000
2.000
