106.000
102.000
98.000
101.000
92.000
91.000
117.000
96.000
110.000
80.000
99.000
103.000
83.000
96.000
87.000
107.000
121.000
99.000
89.000
126.000
109.000
103.000
113.000
89.000
90.000
98.000
117.000
87.000
96.000
87.000
97.000
109.000
92.000
91.000
103.000
98.000
91.000
99.000
87.000
113.000
93.000
102.000
99.000
109.000
110.000
105.000
89.000
110.000
106.000
128.000
89.000
89.000
97.000
106.000
111.000
116.000
110.000
115.000
111.000
110.000
111.000
111.000
103.000
94.000
110.000
105.000
98.000
98.000
112.000
105.000
111.000
109.000
90.000
114.000
125.000
99.000
111.000
102.000
112.000
94.000
98.000
97.000
100.000
108.000
117.000
79.000
100.000
106.000
104.000
120.000
115.000
95.000
106.000
107.000
95.000
96.000
99.000
89.000
100.000
92.000
102.000
95.000
118.000
95.000
93.000
92.000
110.000
89.000
117.000
95.000
100.000
115.000
100.000
102.000
101.000
101.000
94.000
115.000
122.000
73.000
93.000
96.000
109.000
113.000
98.000
83.000
92.000
100.000
98.000
98.000
95.000
92.000
103.000
97.000
103.000
110.000
87.000
103.000
95.000
107.000
96.000
117.000
93.000
97.000
97.000
100.000
121.000
95.000
108.000
96.000
90.000
92.000
98.000
99.000
96.000
100.000
97.000
92.000
96.000
116.000
113.000
88.000
75.000
101.000
110.000
89.000
96.000
112.000
110.000
110.000
109.000
96.000
102.000
102.000
79.000
100.000
115.000
86.000
116.000
115.000
110.000
81.000
94.000
114.000
98.000
95.000
106.000
112.000
121.000
98.000
99.000
107.000
121.000
97.000
103.000
100.000
82.000
88.000
92.000
113.000
