111.000
102.000
103.000
89.000
111.000
103.000
94.000
109.000
106.000
120.000
107.000
94.000
87.000
92.000
90.000
102.000
105.000
106.000
95.000
94.000
90.000
104.000
109.000
82.000
80.000
101.000
97.000
97.000
120.000
102.000
98.000
94.000
94.000
100.000
102.000
101.000
110.000
86.000
115.000
102.000
115.000
112.000
89.000
110.000
120.000
95.000
99.000
93.000
123.000
103.000
93.000
107.000
105.000
97.000
105.000
115.000
109.000
107.000
95.000
112.000
86.000
98.000
105.000
89.000
76.000
121.000
91.000
117.000
95.000
115.000
97.000
94.000
104.000
107.000
90.000
104.000
96.000
107.000
112.000
97.000
94.000
98.000
97.000
91.000
98.000
103.000
105.000
107.000
109.000
111.000
104.000
87.000
96.000
89.000
95.000
90.000
100.000
108.000
113.000
82.000
